domains,time
7,2.384878
7,2.180742
7,2.224985
7,2.170566
7,2.347283
7,3.389572
7,2.583248
7,2.121271
7,2.297261
7,2.095775
7,2.166869
7,2.086256
7,2.254196
7,2.262060
7,2.244796
6,2.131617
6,2.116294
6,2.258299
6,2.097133
6,2.152828
6,2.144333
6,2.144360
6,2.060896
6,2.171587
6,2.105923
6,2.198013
6,2.114600
6,2.125998
6,2.172578
6,2.120414
5,2.343572
5,2.393388
5,2.691188
5,2.365832
5,2.357338
5,2.523223
5,2.377364
5,2.422547
5,2.576835
5,2.121390
5,2.141553
5,2.149236
5,2.110906
5,2.111913
5,2.125408
4,2.513584
4,2.556821
4,2.540086
4,2.420556
4,2.445321
4,2.421588
4,2.420113
4,2.420533
4,2.458819
4,2.387985
4,2.390740
4,2.603887
4,2.475395
4,2.479640
4,2.534547
3,2.965566
3,2.738992
3,2.837760
3,3.211230
3,2.742144
3,2.886392
3,2.958244
3,3.187851
3,3.048083
3,2.990210
3,2.867579
3,3.160964
3,2.911281
3,2.814770
3,2.910397
2,3.623979
2,3.612173
2,3.535412
2,3.503401
2,3.486463
2,3.490721
2,3.486208
2,3.505979
2,3.487566
2,3.546397
2,3.547932
2,3.489379
2,3.495435
2,3.652119
2,3.538062
1,6.463110
1,6.554252
1,6.481308
1,6.557060
1,6.536305
1,6.697195
1,6.582620
1,6.591773
1,6.625967
1,6.737444
1,6.729654
1,6.632771
1,6.679334
1,6.775691
1,6.661715