transactions,time
50000,3.305301
50000,3.493149
50000,3.146433
50000,3.351129
50000,3.119329
50000,3.260043
50000,5.784945
50000,3.445965
50000,3.050178
50000,3.271683
50000,3.081923
50000,3.142336
50000,3.372042
50000,4.470637
50000,3.140365
45000,2.808478
45000,3.238462
45000,2.896868
45000,2.691367
45000,3.332015
45000,3.086321
45000,2.605263
45000,2.681305
45000,2.775619
45000,2.902608
45000,2.553786
45000,2.917376
45000,2.915474
45000,2.617993
45000,2.588513
40000,2.529673
40000,2.658289
40000,2.184469
40000,2.414508
40000,2.513609
40000,2.208027
40000,2.247987
40000,2.711512
40000,2.444145
40000,2.565352
40000,2.403784
40000,2.718845
40000,2.382542
40000,2.727976
40000,2.466425
35000,2.196588
35000,2.033661
35000,2.167856
35000,2.254104
35000,2.186086
35000,2.415171
35000,2.099388
35000,1.995008
35000,2.058853
35000,2.037195
35000,2.352928
35000,2.033828
35000,2.187050
35000,2.063237
35000,1.992686
30000,1.560789
30000,1.558114
30000,1.741891
30000,1.693153
30000,1.654438
30000,1.732239
30000,1.623909
30000,1.771716
30000,1.729166
30000,1.798828
30000,1.703332
30000,1.777792
30000,1.556975
30000,1.952410
30000,1.708284
25000,1.577055
25000,1.431017
25000,1.345979
25000,1.323418
25000,1.212895
25000,1.257585
25000,1.228066
25000,1.554542
25000,2.525734
25000,1.497580
25000,1.570859
25000,1.366889
25000,1.187590
25000,1.246307
25000,1.230796
20000,1.196978
20000,1.143468
20000,1.037248
20000,1.294927
20000,1.079032
20000,1.400812
20000,1.276165
20000,1.056122
20000,0.995702
20000,1.027072
20000,1.037216
20000,0.931957
20000,1.175460
20000,1.310827
20000,0.999119
15000,0.670720
15000,0.675501
15000,0.868952
15000,0.873084
15000,0.740712
15000,0.647264
15000,0.940657
15000,0.663280
15000,0.745881
15000,0.698559
15000,0.890434
15000,0.692367
15000,0.791626
15000,0.716033
15000,0.771894
10000,0.448172
10000,0.550328
10000,0.455890
10000,0.471629
10000,0.424583
10000,0.437209
10000,0.419848
10000,0.425236
10000,0.646071
10000,0.419640
10000,0.615964
10000,0.496845
10000,0.486685
10000,0.581241
10000,0.553352
5000,0.198510
5000,0.186256
5000,0.478475
5000,0.210994
5000,0.223697
5000,0.265857
5000,0.234254
5000,0.213393
5000,0.462016
5000,0.229124
5000,0.359490
5000,0.272212
5000,0.211516
5000,0.232012
5000,0.252614