transactions,domains,time
40000,7,1.605033
35000,7,1.436716
30000,7,1.185773
25000,7,1.135773
20000,7,0.757678
15000,7,0.625091
10000,7,0.386879
5000,7,0.233820
40000,6,1.642053
35000,6,1.421953
30000,6,1.227716
25000,6,0.990273
20000,6,0.882315
15000,6,0.602984
10000,6,0.397418
5000,6,0.275718
40000,5,1.726476
35000,5,1.412417
30000,5,1.245656
25000,5,1.003251
20000,5,0.796686
15000,5,0.589441
10000,5,0.408198
5000,5,0.197141
40000,4,1.874777
35000,4,1.506146
30000,4,1.325954
25000,4,1.108145
20000,4,0.867222
15000,4,0.578664
10000,4,0.395627
5000,4,0.210435
40000,3,1.916780
35000,3,1.612292
30000,3,1.384683
25000,3,1.142749
20000,3,0.894742
15000,3,0.696394
10000,3,0.466377
5000,3,0.211402
40000,2,2.641625
35000,2,2.296071
30000,2,1.945897
25000,2,1.606683
20000,2,1.316947
15000,2,0.964662
10000,2,0.661804
5000,2,0.316327
40000,1,5.121441
35000,1,4.453629
30000,1,3.779674
25000,1,3.123221
20000,1,2.466902
15000,1,1.866897
10000,1,1.224570
5000,1,0.580732