domains,time
7,0.232503
7,0.288874
7,0.312703
7,0.294831
7,0.228013
7,0.247297
7,0.239378
7,0.293012
7,0.217577
7,0.269017
7,0.222485
7,0.273059
7,0.236447
7,0.476864
7,0.192972
6,0.196279
6,0.233244
6,0.236106
6,0.220452
6,0.201717
6,0.251211
6,0.202960
6,0.215263
6,0.435087
6,0.221179
6,0.226825
6,0.243225
6,0.193750
6,0.205480
6,0.253590
5,0.485390
5,0.271522
5,0.237849
5,0.239634
5,0.243140
5,0.251608
5,0.279969
5,0.240771
5,0.253464
5,0.265242
5,0.235806
5,0.247993
5,0.351691
5,0.268107
5,0.280635
4,0.232444
4,0.238564
4,0.221646
4,0.214970
4,0.229873
4,0.212307
4,0.238072
4,0.219141
4,0.234327
4,0.212568
4,0.221283
4,0.238033
4,0.251749
4,0.432593
4,0.684571
3,0.202661
3,0.200512
3,0.232078
3,0.212820
3,0.202874
3,0.200210
3,0.194408
3,0.192569
3,0.191555
3,0.194840
3,0.204842
3,0.197913
3,0.196560
3,0.221455
3,0.194898
2,0.240236
2,0.286421
2,0.298033
2,0.295313
2,0.288918
2,0.304846
2,0.301207
2,0.290664
2,0.305645
2,0.299513
2,0.238104
2,0.299174
2,0.298897
2,0.294310
2,0.324409
1,0.455612
1,0.449572
1,0.452980
1,0.477086
1,0.476842
1,0.428430
1,0.421137
1,0.437358
1,0.421267
1,0.431514
1,0.438048
1,0.417540
1,0.428566
1,0.427039
1,0.422256