transactions,domains,time
40000,7,0.958775
40000,7,0.653059
40000,7,0.838889
40000,7,1.346056
40000,7,0.694264
40000,7,0.611745
40000,7,1.057800
40000,7,0.623098
40000,7,0.679500
40000,7,0.784310
35000,7,0.946792
35000,7,0.958003
35000,7,0.685437
35000,7,0.928052
35000,7,0.715832
35000,7,0.701639
35000,7,0.704808
35000,7,0.756148
35000,7,1.014623
35000,7,0.698622
30000,7,0.817032
30000,7,0.683139
30000,7,1.000029
30000,7,0.584938
30000,7,0.527679
30000,7,0.538545
30000,7,1.117792
30000,7,0.775523
30000,7,0.641440
30000,7,0.772488
25000,7,0.441079
25000,7,0.683713
25000,7,0.387644
25000,7,0.578145
25000,7,0.387753
25000,7,0.518811
25000,7,0.486404
25000,7,0.450838
25000,7,0.696385
25000,7,0.560372
20000,7,0.537048
20000,7,0.423117
20000,7,0.593496
20000,7,0.352503
20000,7,0.477542
20000,7,0.316730
20000,7,0.422072
20000,7,0.440894
20000,7,0.485434
20000,7,0.395494
15000,7,0.367220
15000,7,0.353495
15000,7,0.381942
15000,7,0.247725
15000,7,0.266690
15000,7,0.232948
15000,7,0.265466
15000,7,0.496647
15000,7,0.359133
15000,7,0.250778
10000,7,0.297077
10000,7,0.197184
10000,7,0.166278
10000,7,0.262101
10000,7,0.305891
10000,7,0.161415
10000,7,0.286288
10000,7,0.390375
10000,7,0.162775
10000,7,0.307705
5000,7,0.098842
5000,7,0.140050
5000,7,0.079731
5000,7,0.243810
5000,7,0.084918
5000,7,0.193416
5000,7,0.105296
5000,7,0.071080
5000,7,0.200586
5000,7,0.078647
40000,6,0.539024
40000,6,0.712786
40000,6,0.544387
40000,6,0.556175
40000,6,0.721000
40000,6,0.567187
40000,6,0.666629
40000,6,0.738692
40000,6,0.553669
40000,6,0.566927
35000,6,0.515345
35000,6,0.503336
35000,6,0.608603
35000,6,0.598852
35000,6,0.523654
35000,6,0.507969
35000,6,0.754724
35000,6,0.492739
35000,6,0.773721
35000,6,0.492925
30000,6,0.502401
30000,6,0.557437
30000,6,0.553876
30000,6,0.690013
30000,6,0.685461
30000,6,0.543529
30000,6,0.695813
30000,6,0.469563
30000,6,0.507018
30000,6,0.508974
25000,6,0.365588
25000,6,0.363942
25000,6,0.571145
25000,6,0.362009
25000,6,0.535643
25000,6,0.362527
25000,6,0.438140
25000,6,0.426904
25000,6,0.363358
25000,6,0.483220
20000,6,0.302763
20000,6,0.437064
20000,6,0.374151
20000,6,0.257629
20000,6,0.442365
20000,6,0.270459
20000,6,0.301722
20000,6,0.425631
20000,6,0.290381
20000,6,0.295891
15000,6,0.313483
15000,6,0.400440
15000,6,0.337859
15000,6,0.211176
15000,6,0.334230
15000,6,0.217807
15000,6,0.224875
15000,6,0.330863
15000,6,0.224474
15000,6,0.345734
10000,6,0.160811
10000,6,0.161402
10000,6,0.153253
10000,6,0.142274
10000,6,0.241795
10000,6,0.218988
10000,6,0.165911
10000,6,0.156940
10000,6,0.146131
10000,6,0.150557
5000,6,0.080515
5000,6,0.068879
5000,6,0.081223
5000,6,0.074905
5000,6,0.099256
5000,6,0.078653
5000,6,0.105072
5000,6,0.082765
5000,6,0.075673
5000,6,0.082017
40000,5,0.685997
40000,5,0.558306
40000,5,0.658724
40000,5,0.742554
40000,5,0.613696
40000,5,0.550061
40000,5,0.669764
40000,5,0.596780
40000,5,0.624384
40000,5,0.552878
35000,5,0.507019
35000,5,0.614254
35000,5,0.549239
35000,5,0.579031
35000,5,0.506502
35000,5,0.517920
35000,5,0.623046
35000,5,0.755542
35000,5,0.569458
35000,5,0.478281
30000,5,0.429274
30000,5,0.484126
30000,5,0.432901
30000,5,0.432164
30000,5,0.418844
30000,5,0.543676
30000,5,0.501512
30000,5,0.442007
30000,5,0.569291
30000,5,0.658019
25000,5,0.356040
25000,5,0.339388
25000,5,0.421514
25000,5,0.355227
25000,5,0.389778
25000,5,0.364115
25000,5,0.367731
25000,5,0.437330
25000,5,0.361534
25000,5,0.369988
20000,5,0.280427
20000,5,0.293377
20000,5,0.304300
20000,5,0.298487
20000,5,0.289768
20000,5,0.277777
20000,5,0.304211
20000,5,0.274208
20000,5,0.303947
20000,5,0.281051
15000,5,0.202443
15000,5,0.208846
15000,5,0.207611
15000,5,0.223595
15000,5,0.227260
15000,5,0.227466
15000,5,0.206243
15000,5,0.203530
15000,5,0.347318
15000,5,0.272236
10000,5,0.198976
10000,5,0.131265
10000,5,0.139548
10000,5,0.146588
10000,5,0.143209
10000,5,0.128190
10000,5,0.132140
10000,5,0.211399
10000,5,0.145862
10000,5,0.138770
5000,5,0.067003
5000,5,0.066367
5000,5,0.065121
5000,5,0.063191
5000,5,0.064151
5000,5,0.066016
5000,5,0.088979
5000,5,0.085662
5000,5,0.191046
5000,5,0.085420
40000,4,0.516775
40000,4,0.526371
40000,4,0.638154
40000,4,0.560288
40000,4,0.563681
40000,4,0.525071
40000,4,0.552906
40000,4,0.515173
40000,4,0.572816
40000,4,0.540533
35000,4,0.466668
35000,4,0.470838
35000,4,0.461259
35000,4,0.508962
35000,4,0.461187
35000,4,0.457799
35000,4,0.464289
35000,4,0.451897
35000,4,0.475001
35000,4,0.450387
30000,4,0.409826
30000,4,0.396610
30000,4,0.384046
30000,4,0.386728
30000,4,0.412346
30000,4,0.434350
30000,4,0.393695
30000,4,0.507796
30000,4,0.396040
30000,4,0.386487
25000,4,0.324922
25000,4,0.332589
25000,4,0.314111
25000,4,0.342068
25000,4,0.331305
25000,4,0.322237
25000,4,0.326931
25000,4,0.313028
25000,4,0.328023
25000,4,0.329679
20000,4,0.255084
20000,4,0.263951
20000,4,0.268366
20000,4,0.251284
20000,4,0.252919
20000,4,0.265006
20000,4,0.343101
20000,4,0.278756
20000,4,0.254592
20000,4,0.257704
15000,4,0.188193
15000,4,0.178019
15000,4,0.191410
15000,4,0.187541
15000,4,0.192260
15000,4,0.186415
15000,4,0.194573
15000,4,0.185925
15000,4,0.271726
15000,4,0.238186
10000,4,0.128109
10000,4,0.142373
10000,4,0.131560
10000,4,0.192968
10000,4,0.132648
10000,4,0.127054
10000,4,0.148051
10000,4,0.122658
10000,4,0.128444
10000,4,0.147188
5000,4,0.063405
5000,4,0.060941
5000,4,0.060384
5000,4,0.060284
5000,4,0.063506
5000,4,0.068189
5000,4,0.063580
5000,4,0.081842
5000,4,0.062834
5000,4,0.069504
40000,3,0.579962
40000,3,0.534656
40000,3,0.595874
40000,3,0.510469
40000,3,0.543752
40000,3,0.628061
40000,3,0.600195
40000,3,0.542284
40000,3,0.497838
40000,3,0.550405
35000,3,0.525964
35000,3,0.474686
35000,3,0.504276
35000,3,0.499820
35000,3,0.437602
35000,3,0.485624
35000,3,0.455538
35000,3,0.485455
35000,3,0.505903
35000,3,0.473667
30000,3,0.472393
30000,3,0.418849
30000,3,0.393223
30000,3,0.411934
30000,3,0.389363
30000,3,0.420160
30000,3,0.400976
30000,3,0.405800
30000,3,0.416173
30000,3,0.421674
25000,3,0.343355
25000,3,0.348741
25000,3,0.341378
25000,3,0.357866
25000,3,0.340677
25000,3,0.349434
25000,3,0.323802
25000,3,0.327585
25000,3,0.347026
25000,3,0.309644
20000,3,0.258833
20000,3,0.272836
20000,3,0.242352
20000,3,0.257440
20000,3,0.270522
20000,3,0.258781
20000,3,0.271067
20000,3,0.264305
20000,3,0.260422
20000,3,0.265570
15000,3,0.198737
15000,3,0.230542
15000,3,0.205808
15000,3,0.200928
15000,3,0.184971
15000,3,0.209538
15000,3,0.212369
15000,3,0.200004
15000,3,0.214000
15000,3,0.222149
10000,3,0.138212
10000,3,0.145211
10000,3,0.127803
10000,3,0.135065
10000,3,0.126218
10000,3,0.139041
10000,3,0.132482
10000,3,0.134565
10000,3,0.140370
10000,3,0.127402
5000,3,0.064967
5000,3,0.069926
5000,3,0.074128
5000,3,0.060728
5000,3,0.069132
5000,3,0.072414
5000,3,0.063526
5000,3,0.068284
5000,3,0.066094
5000,3,0.068407
40000,2,0.652585
40000,2,0.649387
40000,2,0.654588
40000,2,0.655286
40000,2,0.658909
40000,2,0.655430
40000,2,0.659419
40000,2,0.654139
40000,2,0.652026
40000,2,0.657338
35000,2,0.571837
35000,2,0.564394
35000,2,0.574029
35000,2,0.584333
35000,2,0.572602
35000,2,0.567143
35000,2,0.571349
35000,2,0.569955
35000,2,0.572548
35000,2,0.567929
30000,2,0.486129
30000,2,0.511780
30000,2,0.486241
30000,2,0.488269
30000,2,0.483224
30000,2,0.487046
30000,2,0.483410
30000,2,0.486676
30000,2,0.488376
30000,2,0.481957
25000,2,0.396195
25000,2,0.404187
25000,2,0.397758
25000,2,0.406294
25000,2,0.406242
25000,2,0.399453
25000,2,0.399831
25000,2,0.403697
25000,2,0.403783
25000,2,0.405248
20000,2,0.314673
20000,2,0.331592
20000,2,0.311395
20000,2,0.314621
20000,2,0.316890
20000,2,0.310667
20000,2,0.313354
20000,2,0.325321
20000,2,0.312259
20000,2,0.314275
15000,2,0.223608
15000,2,0.232886
15000,2,0.224547
15000,2,0.233994
15000,2,0.231754
15000,2,0.258991
15000,2,0.233397
15000,2,0.242993
15000,2,0.234243
15000,2,0.235391
10000,2,0.157027
10000,2,0.156099
10000,2,0.155614
10000,2,0.149372
10000,2,0.150190
10000,2,0.154901
10000,2,0.147650
10000,2,0.154901
10000,2,0.155237
10000,2,0.157858
5000,2,0.100375
5000,2,0.083172
5000,2,0.078458
5000,2,0.076417
5000,2,0.110570
5000,2,0.075423
5000,2,0.077380
5000,2,0.077032
5000,2,0.077566
5000,2,0.076566
40000,1,1.286310
40000,1,1.283649
40000,1,1.266108
40000,1,1.270173
40000,1,1.265214
40000,1,1.274170
40000,1,1.266974
40000,1,1.263995
40000,1,1.261622
40000,1,1.270826
35000,1,1.088804
35000,1,1.106515
35000,1,1.110532
35000,1,1.104880
35000,1,1.108315
35000,1,1.116894
35000,1,1.097662
35000,1,1.101426
35000,1,1.107495
35000,1,1.105949
30000,1,0.863516
30000,1,0.915410
30000,1,0.928263
30000,1,0.953356
30000,1,0.935267
30000,1,0.941479
30000,1,0.932671
30000,1,0.853435
30000,1,0.931789
30000,1,0.935618
25000,1,0.702327
25000,1,0.714598
25000,1,0.711300
25000,1,0.691789
25000,1,0.714151
25000,1,0.712139
25000,1,0.701675
25000,1,0.712952
25000,1,0.704655
25000,1,0.702149
20000,1,0.609109
20000,1,0.607048
20000,1,0.614362
20000,1,0.609292
20000,1,0.559262
20000,1,0.565010
20000,1,0.570723
20000,1,0.558820
20000,1,0.553003
20000,1,0.550738
15000,1,0.416556
15000,1,0.409084
15000,1,0.415214
15000,1,0.415560
15000,1,0.417080
15000,1,0.418100
15000,1,0.410024
15000,1,0.419161
15000,1,0.418304
15000,1,0.416310
10000,1,0.296923
10000,1,0.281160
10000,1,0.299201
10000,1,0.299360
10000,1,0.268777
10000,1,0.298705
10000,1,0.271871
10000,1,0.296439
10000,1,0.296382
10000,1,0.275765
5000,1,0.144586
5000,1,0.142596
5000,1,0.144522
5000,1,0.129208
5000,1,0.142427
5000,1,0.146227
5000,1,0.147084
5000,1,0.144142
5000,1,0.144938
5000,1,0.144856