transactions,time
40000,0.893357
40000,0.811259
40000,0.898153
40000,0.838335
40000,0.822596
40000,1.113271
40000,1.080220
40000,1.390117
40000,1.140539
40000,1.046011
40000,0.835896
40000,0.845084
40000,1.317498
40000,0.873331
40000,0.801003
35000,1.155518
35000,1.139844
35000,0.842642
35000,1.044263
35000,1.111716
35000,1.275664
35000,0.841928
35000,1.399012
35000,0.901600
35000,1.374662
35000,0.831504
35000,0.897570
35000,0.912778
35000,1.385681
35000,1.109779
30000,0.582571
30000,0.874365
30000,0.725648
30000,0.778141
30000,0.634380
30000,0.539039
30000,0.536424
30000,0.700054
30000,0.568295
30000,0.572133
30000,0.545571
30000,0.748469
30000,0.800020
30000,0.615820
30000,0.614711
25000,0.536571
25000,0.404737
25000,0.433613
25000,0.446044
25000,0.547155
25000,0.433372
25000,0.433975
25000,0.496740
25000,0.510746
25000,0.439068
25000,0.694664
25000,0.422346
25000,0.449395
25000,0.415670
25000,0.635914
20000,0.568435
20000,0.313667
20000,0.302018
20000,0.281989
20000,0.318556
20000,0.336685
20000,0.353197
20000,0.313178
20000,0.341998
20000,0.312699
20000,0.340394
20000,0.318747
20000,0.260594
20000,0.319984
20000,0.252388
15000,0.185964
15000,0.318751
15000,0.285978
15000,0.321978
15000,0.174268
15000,0.181637
15000,0.400151
15000,0.197797
15000,0.351615
15000,0.324311
15000,0.173445
15000,0.188390
15000,0.211902
15000,0.204604
15000,0.264917
10000,0.141750
10000,0.159764
10000,0.118676
10000,0.109681
10000,0.122470
10000,0.234758
10000,0.114771
10000,0.125285
10000,0.116502
10000,0.118767
10000,0.138658
10000,0.139600
10000,0.120808
10000,0.103196
10000,0.144576
5000,0.063957
5000,0.046636
5000,0.061786
5000,0.076558
5000,0.046698
5000,0.062167
5000,0.066685
5000,0.044070
5000,0.053227
5000,0.101422
5000,0.133161
5000,0.100396
5000,0.045996
5000,0.058693
5000,0.048493