speed
1.37676393877434710972
1.16395355384905284066
1.18321343956099044928
1.16752758678358771760
1.16237170322325673303
1.18965923150518190515
1.18330039294914891119
1.17862824421301286224
1.17490081614326423011
1.12289545330006140633
1.18480050609688986749
1.23313880305223987015
1.18259564402081240485
1.05058670492075711008
1.10857160232305930287
1.22112432360671280220
1.29460751762797590009
1.13155239559071749851
1.09726467591504036366
1.07988445236359709511
1.09243634529478302341
1.11671026090818535858
1.12926721850191410793
1.09187519609596812238
1.09339396359060580898
1.12801780012088590757
1.10260182527856447542
1.07666180374418642209
1.12079980273923471789
1.14157423086436195513
1.16241515940167664249
1.12487028839486946661
1.21183207324057928124
1.07412132137141282968
1.15414836795622471206
1.18453791487661167293
1.18263199106677140221
1.19127485218787031405
1.18633146350844418248
1.18243916039351575257
1.18488800246456704512
1.18221476113350751297
1.12304642064249164854
1.05634614350430349016
1.07475761054830340028
1.09863583957280016222
1.08293981211631283200
1.09135088375347667478
1.15290978416888334922
1.03477762158558661386
1.06175829748022233862
1.05380841571400789206
1.03885964691364243080
1.03446686869073170976
1.07563280426962950777
1.04758512581497361037
1.00521707662769775132
1.08174319734654756886
1.02740473710639161329
1.00205044572456388885
1.04000128581977155899
.99507374298914374546
1.00155175906412418983
1.13846699726483303907
1.15164474063041033102
1.02563305646420773731
1.02817224069897719353
.98817883104182100319
1.07012430123243697833
1.07402767327067329531
1.06184696411706800317
1.06213986820093811941
1.09652798511729559856
1.08213190169404566469
1.08747001061562636833
1.08407409072488527148
1.09187554674062303703
1.05754452262440248734
1.09582830687325430637
1.08246987788784656944
1.07532527008059246627
1.06462159121474262929
1.05821972168821319599
1.07133077873458819777
1.07781644532332274325
1.04328923170600235909
1.06846268959713300035
1.08781515844827646886
1.10090969741025148237
1.05365834968366302728
1.04017142025005720942
.97734914537122715643
1.14130196216145033141
1.08804282536560639026
1.07339190896121235196
1.02972858607002476175
1.05667424270078251530
1.05067233477859150050
1.02439664638147890863
1.05167316420091801506
1.05635797859178518416
.96068923688611157188
.98194332919966867331
1.00407622558029937666
.93398557733030206703
.98072837114304840748
.99003482048273459114
1.00330767886386733036
.91491308325709057639
.95262077087978021133
1.00560846697188978656
.93524553420257418270
.94340334644035049321
.94336389098612657616
.91839200327580926961
.96586224293173961770
.94013176108723320519
.94243815249624243409
.93192871323782242323
.91637334819754102271
.94191404469193759254
.91926157302772429506
.92321964254845550129
.93121380508410626755
.92082551690064102157
.95219686098782806752
.93807902118894075998
.87601841196031182362
.87279498045909015972
.87594622468799282113
.87950890828513678806
.87881041618182912996
.87323307755150619769
.88136241655211675505
.87068322512675696619
.87380987903558574550
.87814416265051228328
.87509480193687649495
.87608833696044720740
.87946049333173510389
.86992243191648744653
.87770597564983562517
.87448712949275859879
.81266958382540476633
.81837132322131903125
.84173285600605529666
.81261358306357271087
.81487133670516227510
.82103073512136312120
.81082693969263821031
.82229809292626288541
.81499007994074696122
.81464643041485706539
.81690910350434399584
.83250749656990901653
.81942469175701370176
.82157144270245738591
.81543773676234686894
