speed
1.41034484811996330596
1.14236936926931199218
1.14585236456184197040
1.21818734971784906846
1.23470821786964710456
1.23447294177750809291
1.20967629372553313380
1.14696290594521850280
1.16174979614430941981
1.17505902289713660346
1.17531507973718684206
1.05758059775077491107
1.03179040022211633342
1.07891296345658327304
1.02436450986719114129
1.10722037386719492677
1.03166137497327059164
.99652245808015769485
.97956903386370150066
.98989192615406230890
1.04579504825551878723
1.00389576323604180092
.96712609454495750125
1.02620050226100832537
.98153417591182150262
.99325006480155664713
.99776918122739127454
.90516578111281081130
.91173981335114055506
1.06384476627486932700
1.06157351573525385922
1.06816997977388726534
1.06066522994740064700
1.07346646632835634287
1.07408399589573550744
1.05087743489097783508
1.05979525397993261629
1.06291010614928926744
1.06586427542708051054
1.06537685042641708438
1.04981833370925313060
1.07863571616652866474
1.04836355214798572827
1.05766213720185545989
1.08253536149517236987
.85442812304159323240
.85493251732663235115
.84327642731022064003
.85366590405845904110
.86236853670751525434
.85006962397170183611
.87913175645315269672
.85872755023794704322
.85599012377617189803
.85665823334228065265
.85565429031399343364
.85403579358903797612
.86204529505256241367
.86830680173661360347
.85569415335877386000
.73556085679465982817
.72636938788851682634
.73564768093756290623
.71795474274376195231
.72350618992432125253
.72624613934154563664
.73348830133995556336
.73890268920275086753
.71076328222729951306
.71750587131793109138
.72743047748536542139
.73453562976849353129
.72727753571924442475
.72121476169261236771
.73406160755662168252
.72395712331030052776
.63850908800066673791
.61766542624278347348
.62938874427670314250
.62081967802331014517
.61210117581414288760
.62281380063599122947
.62734697934080360506
.63354155732517420725
.62969746019814921973
.62085720774372321532
.61915549797047345191
.61744021635105180940
.63523671427487227562
.62072293313147859142
.62250812455011501656
.63269009839996004062
.55616788549222984390
.54228464521027087118
.54531127730987040677
.56058728442945734491
.55831281807409664986
.55439882550608816535
.55481851723119450794
.54699948260284233801
.53591806616645414165
.56981923909187907865
.54882915874437492989
.54441378714305595110
.54479391727977346827
.55450968867053529592
.55961274797839894792
.55376121539511554919
.49174327909873291806
.50041000259545988012
.48637811242907999148
.49429111416394718287
.49239253532916440986
.49288832558794535980
.49909049076233410647
.48914106828409313245
.50013970569112305370
.49155186199845325014
.49493872128339024539
.47751729209493998801
.49132995649273235256
.49527180516667547149
.47632527300242789796
.48326855233453229959
.38435090818625505246
.36829278982156582625
.35935765537816463827
.37683312185001767689
.39133944463240596557
.39079597323829175264
.39636083104615117418
.40255291741077963521
.38962409775456090426
.39752158542208841940
.40394826377527843970
.39831076404966536916
.39894229517305210077
.41095693376812576926
.40443489828293793643
.39574096379473851595
.34198556820902157928
.34382113874248793789
.34354829659211541390
.34258646692099270899
.33725345507733390351
.33938018318384767531
.34127376260769557166
.34186917350468322782
.33933158464456713166
.33088502921714807987
.35352728311454708205
.34298492924220909733
.33848418507863927853
.34504637998424288198
.34143560012428255844
.34065050620665222308
.30367019594698981224
.30445582517233151129
.30716563676588372705
.29983018367971839949
.29926634854653816169
.29717891768181127578
.30017105998280770253
.29731509602534313878
.30025656923841422495
.30542219846716234144
.29786793578265172461
.30080095775024947679
.29284173990455555592
.29525481228437171990
.30622243998040176384
.30675258295260864313
.28286108328521327523
.28031035963018253810
.27597115234120127088
.27655765916066133233
.28344889274739318127
.28867756087668488462
.27635858869195926790
.27471772753495783082
.27804926198774636902
.27245495930301350753
.27104510345404391550
.28670182723265976152
.28083542923488794465
.28097746440316573295
.28048995986188674376
.28511867861341084216
