domains,time
7,4.019458
7,4.124290
7,3.966729
7,4.966947
7,4.707211
7,4.177024
7,5.238454
7,4.588246
7,4.958152
7,3.745148
7,3.747718
7,4.829076
7,4.327134
7,4.074600
7,4.785216
6,4.358212
6,5.033753
6,4.896513
6,4.630466
6,5.107282
6,4.878834
6,4.835406
6,5.059907
6,4.893280
6,5.100717
6,4.853642
6,5.013991
6,3.009882
6,5.189814
6,4.850835
5,5.063035
5,4.985812
5,5.304787
5,5.271736
5,5.388428
5,3.241816
5,4.724512
5,4.397983
5,4.378512
5,5.272180
5,4.782035
5,4.977156
5,5.044820
5,5.440252
5,5.303412
4,5.252518
4,4.590586
4,4.802503
4,4.128853
4,4.271681
4,4.595606
4,4.178609
4,4.333675
4,4.905039
4,4.581941
4,4.725939
4,4.456327
4,4.011086
4,4.566123
4,4.559254
3,3.953478
3,4.634349
3,4.031233
3,3.917560
3,4.800540
3,4.731937
3,4.866392
3,4.851756
3,4.350211
3,4.563853
3,4.347015
3,4.491031
3,3.198068
3,4.619089
3,4.114213
2,2.578755
2,2.884946
2,3.081580
2,3.076896
2,3.269095
2,3.133400
2,3.175148
2,3.164206
2,3.253883
2,3.249411
2,3.266203
2,3.277625
2,3.240504
2,3.281065
2,3.281001
1,1.677601
1,1.680548
1,1.687843
1,1.683110
1,1.677914
1,1.676696
1,1.687573
1,1.676805
1,1.679388
1,1.676249
1,1.669625
1,1.640764
1,1.673931
1,1.656488
1,1.655388