transactions,time
40000,0.174461
40000,0.173998
40000,0.173944
40000,0.175773
40000,0.173155
40000,0.174824
40000,0.173824
40000,0.175406
40000,0.172622
40000,0.172303
40000,0.175740
40000,0.173320
40000,0.172368
40000,0.173653
40000,0.174584
35000,0.201324
35000,0.202232
35000,0.199879
35000,0.201498
35000,0.199797
35000,0.201884
35000,0.201230
35000,0.199714
35000,0.199151
35000,0.198830
35000,0.202318
35000,0.199477
35000,0.199586
35000,0.198729
35000,0.199925
30000,0.235449
30000,0.234381
30000,0.234235
30000,0.237026
30000,0.237929
30000,0.238301
30000,0.234705
30000,0.235215
30000,0.236649
30000,0.234030
30000,0.234182
30000,0.233298
30000,0.236714
30000,0.237848
30000,0.235018
25000,0.284463
25000,0.283216
25000,0.284683
25000,0.282977
25000,0.283856
25000,0.284204
25000,0.282747
25000,0.282747
25000,0.287197
25000,0.286682
25000,0.287823
25000,0.286971
25000,0.287199
25000,0.287933
25000,0.285479
20000,0.361754
20000,0.355291
20000,0.351418
20000,0.362017
20000,0.359521
20000,0.358398
20000,0.361932
20000,0.362539
20000,0.356358
20000,0.359398
20000,0.358646
20000,0.351299
20000,0.354357
20000,0.354615
20000,0.354234
15000,0.469447
15000,0.486433
15000,0.485043
15000,0.487494
15000,0.485826
15000,0.492217
15000,0.486600
15000,0.484161
15000,0.485313
15000,0.473559
15000,0.461363
15000,0.487240
15000,0.485528
15000,0.483643
15000,0.482608
10000,0.728986
10000,0.740102
10000,0.737720
10000,0.737026
10000,0.730490
10000,0.740248
10000,0.735378
10000,0.738909
10000,0.733756
10000,0.738352
10000,0.728774
10000,0.737629
10000,0.736101
10000,0.724553
10000,0.734947
5000,1.495128
5000,1.403243
5000,1.490562
5000,1.464807
5000,1.402599
5000,1.483783
5000,1.493075
5000,1.476339
5000,1.468496
5000,1.397091
5000,1.493003
5000,1.474909
5000,1.471246
5000,1.452657
5000,1.447905