transactions,time
40000,0.351926
40000,0.371684
40000,0.355633
40000,0.370242
40000,0.375136
40000,0.371613
40000,0.371130
40000,0.376940
40000,0.368248
40000,0.374463
40000,0.346825
40000,0.361628
40000,0.379402
40000,0.368295
40000,0.369453
35000,0.431567
35000,0.426466
35000,0.436717
35000,0.428951
35000,0.425962
35000,0.430929
35000,0.430354
35000,0.435339
35000,0.428781
35000,0.415836
35000,0.427293
35000,0.429282
35000,0.420058
35000,0.429950
35000,0.430717
30000,0.510593
30000,0.468574
30000,0.516369
30000,0.506378
30000,0.508418
30000,0.510349
30000,0.510236
30000,0.506983
30000,0.509046
30000,0.506674
30000,0.486063
30000,0.498778
30000,0.495265
30000,0.495148
30000,0.501668
25000,0.649042
25000,0.607023
25000,0.671535
25000,0.662811
25000,0.674449
25000,0.642753
25000,0.651469
25000,0.669776
25000,0.606288
25000,0.604001
25000,0.603938
25000,0.611086
25000,0.601013
25000,0.606083
25000,0.617073
20000,0.778608
20000,0.781872
20000,0.852884
20000,0.765923
20000,0.787598
20000,0.769321
20000,0.763881
20000,0.844741
20000,0.871290
20000,0.867422
20000,0.848815
20000,0.770158
20000,0.733337
20000,0.780273
20000,0.769790
15000,1.057874
15000,1.018527
15000,1.156658
15000,1.137783
15000,1.146103
15000,1.145125
15000,1.158515
15000,1.143380
15000,1.166435
15000,1.148885
15000,1.101106
15000,1.157145
15000,0.968263
15000,1.031760
15000,1.044521
10000,1.701086
10000,1.556454
10000,1.763724
10000,1.600350
10000,1.714431
10000,1.721742
10000,1.795158
10000,1.571924
10000,1.697116
10000,1.561766
10000,1.657806
10000,1.509856
10000,1.592263
10000,1.523308
10000,1.667086
5000,3.180814
5000,3.364625
5000,3.082852
5000,3.173164
5000,3.072158
5000,3.503340
5000,3.167473
5000,3.409651
5000,2.762500
5000,3.472828
5000,3.089433
5000,3.236865
5000,3.059899
5000,3.057039
5000,3.318003