domains,time
7,7.901705
7,2.854313
7,3.615605
7,8.398989
7,6.429708
7,9.581856
7,3.253070
7,8.870282
7,8.854496
7,9.474906
7,10.049342
7,13.751005
7,3.749869
7,3.702756
7,14.318012
6,7.978437
6,10.702076
6,11.540028
6,10.249359
6,9.735404
6,12.262147
6,11.567494
6,9.686816
6,10.556329
6,12.944664
6,10.626427
6,10.099164
6,10.902027
6,3.954413
6,10.913118
5,8.593512
5,10.455100
5,8.976900
5,9.498767
5,9.484783
5,9.687285
5,11.101123
5,8.849321
5,8.331934
5,9.614186
5,10.951328
5,4.567879
5,10.593763
5,10.926707
5,4.543863
4,10.734450
4,11.691798
4,10.228712
4,10.298861
4,10.115922
4,10.658941
4,10.759260
4,10.783659
4,9.946085
4,9.193640
4,5.855415
4,7.240184
4,9.020144
4,4.414699
4,9.774039
3,10.652471
3,11.508554
3,9.943916
3,10.145579
3,10.106416
3,10.711231
3,10.846571
3,8.621120
3,10.418509
3,11.016508
3,10.535196
3,11.092990
3,9.771648
3,9.880249
3,10.947270
2,7.375340
2,7.132515
2,5.819909
2,7.554242
2,7.303002
2,9.590488
2,7.931725
2,4.442389
2,7.545286
2,7.261217
2,4.748270
2,7.703391
2,7.262688
2,7.319889
2,7.586324
1,4.851896
1,4.808570
1,5.436078
1,4.680072
1,5.458277
1,4.676174
1,4.882122
1,5.301240
1,4.735340
1,4.844443
1,4.657248
1,4.670915
1,4.825232
1,4.811836
1,5.395811