speed
1.46799765120375807398
1.25989132807349702051
1.29511542479312110497
1.31427344773353543938
1.31470500680359841020
1.32177722389017919522
1.30636173280796855773
1.31105619936045429970
1.30748968358749657182
1.30509822296552694454
1.32203143350071720205
1.29744577230459596431
1.29446486822347641485
1.25093037946973061214
1.27466832974612648502
1.30945347465038371663
1.42922301223042057683
1.24747970116623758562
1.20492013282024874624
1.22428914319223034717
1.30858161592381811712
1.24294192242321407571
1.21034340856290030556
1.20077304504668479201
1.21822958754806930914
1.16495952867626593318
1.15481622348253246828
1.17303912243992137467
1.16516019850550884592
1.16738171425903127510
1.14878157354356036129
1.12462500784894536727
1.12962120976783460086
1.14084274053243130700
1.11604046698959563302
1.13133618974770574448
1.12277410034606392826
1.12763584879656196358
1.13316123971616829081
1.06417641040151062971
1.10162697714501723101
1.11787157252591066609
1.09424437115867927279
1.07209829501685559245
1.09588864482087861260
1.21904866692339623207
1.20132385889249953448
1.12919177157956049974
1.14582501151394994208
1.14059152977720128620
1.20680587701758887807
1.18282323282212991938
1.17900967648293128572
1.17339104303046947692
1.14582099984340446335
1.21024928268843501709
1.09939749783596536639
1.17420282735346742094
1.15850038700175090112
1.17526468072346752632
1.13515182493493958397
1.05257181569914052726
1.00548334055500795117
1.02714651956216595670
1.08415048518922890115
1.14758226730378734025
1.13211783711403036780
1.13943017097149715427
1.12727552642961887458
1.04391860471737327302
.99821094837768180641
1.01575144816001386500
.98043060512176948115
.97053174463756947794
.98589470898932435045
.99217239987620248894
1.08503204674062755700
.97839380350591112922
.95722695180968541374
.92116949137467711421
.94262195171500312852
.86284558163941299656
.79283724405809779184
.78037639504473995419
.76779238893803115637
.78265556991511122024
.79196102538045015698
.77315328311487994701
.88809834039794417921
.95357458558443155988
.91657174354701886620
.90947566454249963539
.96817542822399190347
.92652290013169404808
.94910878684914864941
.92787707484512451790
.93452010942263736398
.87663476149040896635
.86822722471167620912
.88718493053025142187
.90240025576601534853
.92044148182191552124
.92704062419882911572
.91241938066860204451
.91112585544142257984
.92219914604359076363
.86587888791646770159
.92631277685572391024
.81442324012096465500
.85515076307953092130
.85703558642495186591
.86119704475449664468
.84888645686546716833
.86661815744782878449
.83971788062958171068
.80660773052848938504
.81435956971846286699
.88224293882685005556
.95953174850672871638
.96031529071624795852
.97353951015888478850
.96349695438612718545
.97148843362062405178
.87686394481602907291
.87827841816201699566
.88280649228505947751
.88397734239788956723
.86307119730031329484
.90108935266384539881
.87930695538082470199
.88960311310255122287
.82772575662888947537
.88746275033580956570
.89428154857625586672
.83636246662592080290
.82364615633990097796
.89209779770790339175
.89322998662388095030
.82372479481332178428
.83427911706315781705
.82054777876138312795
.82583366256568680952
.82856774098972416661
.82406288994418241709
.82716406799288638901
.78710666803973052091
.81318875054199030223
.80947565728613895977
.81462015076989750449
.82384355337666539182
.82965440107727433001
.81175156505701742992
.80691780315659789252
.81185595467115936927
1.10614155072196278813
1.10706032466599990004
1.05578782887790869546
1.07324228119272992183
1.06986649687128890058
1.08107317498155021441
1.07905027073053924902
1.07357154201816925107
1.09061503310177010027
1.07305077171286676244
1.07634856978600924140
1.08092160647840827299
1.08350026673227154556
1.07851904109506479203
1.06909114941553110828
1.05989362522161412163
